(kicad_pcb (version 20171130) (host pcbnew "(5.1.4)-1")

  (general
    (thickness 1.6)
    (drawings 20)
    (tracks 730)
    (zones 0)
    (modules 92)
    (nets 79)
  )

  (page A4)
  (layers
    (0 F.Cu signal)
    (31 B.Cu signal)
    (32 B.Adhes user)
    (33 F.Adhes user)
    (34 B.Paste user)
    (35 F.Paste user)
    (36 B.SilkS user)
    (37 F.SilkS user)
    (38 B.Mask user)
    (39 F.Mask user)
    (40 Dwgs.User user)
    (41 Cmts.User user)
    (42 Eco1.User user)
    (43 Eco2.User user)
    (44 Edge.Cuts user)
    (45 Margin user)
    (46 B.CrtYd user)
    (47 F.CrtYd user)
    (48 B.Fab user)
    (49 F.Fab user)
  )

  (setup
    (last_trace_width 0.254)
    (trace_clearance 0.2)
    (zone_clearance 0.508)
    (zone_45_only no)
    (trace_min 0.2)
    (via_size 0.8)
    (via_drill 0.4)
    (via_min_size 0.4)
    (via_min_drill 0.3)
    (uvia_size 0.3)
    (uvia_drill 0.1)
    (uvias_allowed no)
    (uvia_min_size 0.2)
    (uvia_min_drill 0.1)
    (edge_width 0.05)
    (segment_width 0.2)
    (pcb_text_width 0.3)
    (pcb_text_size 1.5 1.5)
    (mod_edge_width 0.12)
    (mod_text_size 1 1)
    (mod_text_width 0.15)
    (pad_size 1.524 1.524)
    (pad_drill 0.762)
    (pad_to_mask_clearance 0.051)
    (solder_mask_min_width 0.25)
    (aux_axis_origin 0 0)
    (visible_elements 7FFFFFFF)
    (pcbplotparams
      (layerselection 0x010fc_ffffffff)
      (usegerberextensions false)
      (usegerberattributes false)
      (usegerberadvancedattributes false)
      (creategerberjobfile false)
      (excludeedgelayer true)
      (linewidth 0.100000)
      (plotframeref false)
      (viasonmask false)
      (mode 1)
      (useauxorigin false)
      (hpglpennumber 1)
      (hpglpenspeed 20)
      (hpglpendiameter 15.000000)
      (psnegative false)
      (psa4output false)
      (plotreference true)
      (plotvalue true)
      (plotinvisibletext false)
      (padsonsilk false)
      (subtractmaskfromsilk false)
      (outputformat 1)
      (mirror false)
      (drillshape 1)
      (scaleselection 1)
      (outputdirectory ""))
  )

  (net 0 "")
  (net 1 GND)
  (net 2 "Net-(C3-Pad1)")
  (net 3 +5V)
  (net 4 "Net-(D1-Pad2)")
  (net 5 Col0)
  (net 6 "Net-(D2-Pad2)")
  (net 7 "Net-(D3-Pad2)")
  (net 8 "Net-(D4-Pad2)")
  (net 9 "Net-(D5-Pad2)")
  (net 10 "Net-(D6-Pad2)")
  (net 11 "Net-(D7-Pad2)")
  (net 12 "Net-(D8-Pad2)")
  (net 13 "Net-(D9-Pad2)")
  (net 14 "Net-(D11-Pad2)")
  (net 15 "Net-(D12-Pad2)")
  (net 16 "Net-(D13-Pad2)")
  (net 17 "Net-(D14-Pad2)")
  (net 18 "Net-(D15-Pad2)")
  (net 19 "Net-(D16-Pad2)")
  (net 20 "Net-(D17-Pad2)")
  (net 21 "Net-(D18-Pad2)")
  (net 22 "Net-(D19-Pad2)")
  (net 23 "Net-(D21-Pad2)")
  (net 24 "Net-(D22-Pad2)")
  (net 25 "Net-(D23-Pad2)")
  (net 26 "Net-(D24-Pad2)")
  (net 27 "Net-(D25-Pad2)")
  (net 28 "Net-(D26-Pad2)")
  (net 29 "Net-(D27-Pad2)")
  (net 30 "Net-(D28-Pad2)")
  (net 31 "Net-(D29-Pad2)")
  (net 32 "Net-(D31-Pad2)")
  (net 33 "Net-(D32-Pad2)")
  (net 34 "Net-(D33-Pad2)")
  (net 35 "Net-(D34-Pad2)")
  (net 36 "Net-(D35-Pad2)")
  (net 37 "Net-(D36-Pad2)")
  (net 38 "Net-(D37-Pad2)")
  (net 39 "Net-(D38-Pad2)")
  (net 40 "Net-(D39-Pad2)")
  (net 41 VCC)
  (net 42 D+)
  (net 43 D-)
  (net 44 "Net-(R4-Pad2)")
  (net 45 "Net-(U1-Pad42)")
  (net 46 "Net-(U1-Pad41)")
  (net 47 "Net-(U1-Pad40)")
  (net 48 "Net-(U1-Pad39)")
  (net 49 "Net-(U1-Pad38)")
  (net 50 "Net-(U1-Pad37)")
  (net 51 "Net-(U1-Pad36)")
  (net 52 "Net-(U1-Pad12)")
  (net 53 "Net-(U1-Pad8)")
  (net 54 "Net-(U1-Pad1)")
  (net 55 RESET)
  (net 56 MOSI)
  (net 57 SCK)
  (net 58 MISO)
  (net 59 DN)
  (net 60 DP)
  (net 61 "Net-(R5-Pad1)")
  (net 62 "Net-(R6-Pad1)")
  (net 63 "Net-(USB1-Pad3)")
  (net 64 "Net-(USB1-Pad9)")
  (net 65 XTAL1)
  (net 66 XTAL2)
  (net 67 Row0)
  (net 68 Col7)
  (net 69 Row2)
  (net 70 Row3)
  (net 71 Col1)
  (net 72 Col2)
  (net 73 Col3)
  (net 74 Col4)
  (net 75 Col5)
  (net 76 Col6)
  (net 77 Col8)
  (net 78 Row1)

  (net_class Default "This is the default net class."
    (clearance 0.2)
    (trace_width 0.254)
    (via_dia 0.8)
    (via_drill 0.4)
    (uvia_dia 0.3)
    (uvia_drill 0.1)
    (add_net Col0)
    (add_net Col1)
    (add_net Col2)
    (add_net Col3)
    (add_net Col4)
    (add_net Col5)
    (add_net Col6)
    (add_net Col7)
    (add_net Col8)
    (add_net D+)
    (add_net D-)
    (add_net DN)
    (add_net DP)
    (add_net MISO)
    (add_net MOSI)
    (add_net "Net-(C3-Pad1)")
    (add_net "Net-(D1-Pad2)")
    (add_net "Net-(D11-Pad2)")
    (add_net "Net-(D12-Pad2)")
    (add_net "Net-(D13-Pad2)")
    (add_net "Net-(D14-Pad2)")
    (add_net "Net-(D15-Pad2)")
    (add_net "Net-(D16-Pad2)")
    (add_net "Net-(D17-Pad2)")
    (add_net "Net-(D18-Pad2)")
    (add_net "Net-(D19-Pad2)")
    (add_net "Net-(D2-Pad2)")
    (add_net "Net-(D21-Pad2)")
    (add_net "Net-(D22-Pad2)")
    (add_net "Net-(D23-Pad2)")
    (add_net "Net-(D24-Pad2)")
    (add_net "Net-(D25-Pad2)")
    (add_net "Net-(D26-Pad2)")
    (add_net "Net-(D27-Pad2)")
    (add_net "Net-(D28-Pad2)")
    (add_net "Net-(D29-Pad2)")
    (add_net "Net-(D3-Pad2)")
    (add_net "Net-(D31-Pad2)")
    (add_net "Net-(D32-Pad2)")
    (add_net "Net-(D33-Pad2)")
    (add_net "Net-(D34-Pad2)")
    (add_net "Net-(D35-Pad2)")
    (add_net "Net-(D36-Pad2)")
    (add_net "Net-(D37-Pad2)")
    (add_net "Net-(D38-Pad2)")
    (add_net "Net-(D39-Pad2)")
    (add_net "Net-(D4-Pad2)")
    (add_net "Net-(D5-Pad2)")
    (add_net "Net-(D6-Pad2)")
    (add_net "Net-(D7-Pad2)")
    (add_net "Net-(D8-Pad2)")
    (add_net "Net-(D9-Pad2)")
    (add_net "Net-(R4-Pad2)")
    (add_net "Net-(R5-Pad1)")
    (add_net "Net-(R6-Pad1)")
    (add_net "Net-(U1-Pad1)")
    (add_net "Net-(U1-Pad12)")
    (add_net "Net-(U1-Pad36)")
    (add_net "Net-(U1-Pad37)")
    (add_net "Net-(U1-Pad38)")
    (add_net "Net-(U1-Pad39)")
    (add_net "Net-(U1-Pad40)")
    (add_net "Net-(U1-Pad41)")
    (add_net "Net-(U1-Pad42)")
    (add_net "Net-(U1-Pad8)")
    (add_net "Net-(USB1-Pad3)")
    (add_net "Net-(USB1-Pad9)")
    (add_net RESET)
    (add_net Row0)
    (add_net Row1)
    (add_net Row2)
    (add_net Row3)
    (add_net SCK)
    (add_net XTAL1)
    (add_net XTAL2)
  )

  (net_class Power ""
    (clearance 0.2)
    (trace_width 0.381)
    (via_dia 0.8)
    (via_drill 0.4)
    (uvia_dia 0.3)
    (uvia_drill 0.1)
    (add_net +5V)
    (add_net GND)
    (add_net VCC)
  )

  (module Type-C:HRO-TYPE-C-31-M-12 (layer B.Cu) (tedit 63CF8092) (tstamp 63CF21ED)
    (at 78.105 34.6075)
    (path /640279EA)
    (attr smd)
    (fp_text reference USB1 (at 0 9.25) (layer B.SilkS)
      (effects (font (size 1 1) (thickness 0.15)) (justify mirror))
    )
    (fp_text value HRO-TYPE-C-31-M-12 (at 0 -1.15) (layer Dwgs.User)
      (effects (font (size 1 1) (thickness 0.15)))
    )
    (fp_line (start -4.47 0) (end 4.47 0) (layer Dwgs.User) (width 0.15))
    (fp_line (start -4.47 0) (end -4.47 7.3) (layer Dwgs.User) (width 0.15))
    (fp_line (start 4.47 0) (end 4.47 7.3) (layer Dwgs.User) (width 0.15))
    (fp_line (start -4.47 7.3) (end 4.47 7.3) (layer Dwgs.User) (width 0.15))
    (pad 12 smd rect (at 3.225 7.695) (size 0.6 1.45) (layers B.Cu B.Paste B.Mask)
      (net 1 GND))
    (pad 1 smd rect (at -3.225 7.695) (size 0.6 1.45) (layers B.Cu B.Paste B.Mask)
      (net 1 GND))
    (pad 11 smd rect (at 2.45 7.695) (size 0.6 1.45) (layers B.Cu B.Paste B.Mask)
      (net 41 VCC))
    (pad 2 smd rect (at -2.45 7.695) (size 0.6 1.45) (layers B.Cu B.Paste B.Mask)
      (net 41 VCC))
    (pad 3 smd rect (at -1.75 7.695) (size 0.3 1.45) (layers B.Cu B.Paste B.Mask)
      (net 63 "Net-(USB1-Pad3)"))
    (pad 10 smd rect (at 1.75 7.695) (size 0.3 1.45) (layers B.Cu B.Paste B.Mask)
      (net 61 "Net-(R5-Pad1)"))
    (pad 4 smd rect (at -1.25 7.695) (size 0.3 1.45) (layers B.Cu B.Paste B.Mask)
      (net 62 "Net-(R6-Pad1)"))
    (pad 9 smd rect (at 1.25 7.695) (size 0.3 1.45) (layers B.Cu B.Paste B.Mask)
      (net 64 "Net-(USB1-Pad9)"))
    (pad 5 smd rect (at -0.75 7.695) (size 0.3 1.45) (layers B.Cu B.Paste B.Mask)
      (net 59 DN))
    (pad 8 smd rect (at 0.75 7.695) (size 0.3 1.45) (layers B.Cu B.Paste B.Mask)
      (net 60 DP))
    (pad 7 smd rect (at 0.25 7.695) (size 0.3 1.45) (layers B.Cu B.Paste B.Mask)
      (net 59 DN))
    (pad 6 smd rect (at -0.25 7.695) (size 0.3 1.45) (layers B.Cu B.Paste B.Mask)
      (net 60 DP))
    (pad "" np_thru_hole circle (at 2.89 6.25) (size 0.65 0.65) (drill 0.65) (layers *.Cu *.Mask))
    (pad "" np_thru_hole circle (at -2.89 6.25) (size 0.65 0.65) (drill 0.65) (layers *.Cu *.Mask))
    (pad 13 thru_hole oval (at -4.32 6.78) (size 1 2.1) (drill oval 0.6 1.7) (layers *.Cu F.Mask)
      (net 1 GND))
    (pad 13 thru_hole oval (at 4.32 6.78) (size 1 2.1) (drill oval 0.6 1.7) (layers *.Cu F.Mask)
      (net 1 GND))
    (pad 13 thru_hole oval (at -4.32 2.6) (size 1 1.6) (drill oval 0.6 1.2) (layers *.Cu F.Mask)
      (net 1 GND))
    (pad 13 thru_hole oval (at 4.32 2.6) (size 1 1.6) (drill oval 0.6 1.2) (layers *.Cu F.Mask)
      (net 1 GND))
    (model "C:/Users/aweso/OneDrive/Documents/GitHub/PCBOVERR/Type-C.pretty/HRO  TYPE-C-31-M-12.step"
      (offset (xyz -4.45 0 0))
      (scale (xyz 1 1 1))
      (rotate (xyz -90 0 0))
    )
  )

  (module Capacitor_SMD:C_0805_2012Metric_Pad1.15x1.40mm_HandSolder (layer B.Cu) (tedit 5B36C52B) (tstamp 63D004FC)
    (at 73.025 115.8875)
    (descr "Capacitor SMD 0805 (2012 Metric), square (rectangular) end terminal, IPC_7351 nominal with elongated pad for handsoldering. (Body size source: https://docs.google.com/spreadsheets/d/1BsfQQcO9C6DZCsRaXUlFlo91Tg2WpOkGARC1WS5S8t0/edit?usp=sharing), generated with kicad-footprint-generator")
    (tags "capacitor handsolder")
    (path /64150C55)
    (attr smd)
    (fp_text reference C8 (at 0 1.65) (layer B.SilkS)
      (effects (font (size 1 1) (thickness 0.15)) (justify mirror))
    )
    (fp_text value 0.1uF (at 0 -1.65) (layer B.Fab)
      (effects (font (size 1 1) (thickness 0.15)) (justify mirror))
    )
    (fp_text user %R (at 0 0) (layer B.Fab)
      (effects (font (size 0.5 0.5) (thickness 0.08)) (justify mirror))
    )
    (fp_line (start 1.85 -0.95) (end -1.85 -0.95) (layer B.CrtYd) (width 0.05))
    (fp_line (start 1.85 0.95) (end 1.85 -0.95) (layer B.CrtYd) (width 0.05))
    (fp_line (start -1.85 0.95) (end 1.85 0.95) (layer B.CrtYd) (width 0.05))
    (fp_line (start -1.85 -0.95) (end -1.85 0.95) (layer B.CrtYd) (width 0.05))
    (fp_line (start -0.261252 -0.71) (end 0.261252 -0.71) (layer B.SilkS) (width 0.12))
    (fp_line (start -0.261252 0.71) (end 0.261252 0.71) (layer B.SilkS) (width 0.12))
    (fp_line (start 1 -0.6) (end -1 -0.6) (layer B.Fab) (width 0.1))
    (fp_line (start 1 0.6) (end 1 -0.6) (layer B.Fab) (width 0.1))
    (fp_line (start -1 0.6) (end 1 0.6) (layer B.Fab) (width 0.1))
    (fp_line (start -1 -0.6) (end -1 0.6) (layer B.Fab) (width 0.1))
    (pad 2 smd roundrect (at 1.025 0) (size 1.15 1.4) (layers B.Cu B.Paste B.Mask) (roundrect_rratio 0.217391)
      (net 1 GND))
    (pad 1 smd roundrect (at -1.025 0) (size 1.15 1.4) (layers B.Cu B.Paste B.Mask) (roundrect_rratio 0.217391)
      (net 3 +5V))
    (model ${KISYS3DMOD}/Capacitor_SMD.3dshapes/C_0805_2012Metric.wrl
      (at (xyz 0 0 0))
      (scale (xyz 1 1 1))
      (rotate (xyz 0 0 0))
    )
  )

  (module Capacitor_SMD:C_0805_2012Metric_Pad1.15x1.40mm_HandSolder (layer B.Cu) (tedit 5B36C52B) (tstamp 63D00859)
    (at 61.9125 99.21875 180)
    (descr "Capacitor SMD 0805 (2012 Metric), square (rectangular) end terminal, IPC_7351 nominal with elongated pad for handsoldering. (Body size source: https://docs.google.com/spreadsheets/d/1BsfQQcO9C6DZCsRaXUlFlo91Tg2WpOkGARC1WS5S8t0/edit?usp=sharing), generated with kicad-footprint-generator")
    (tags "capacitor handsolder")
    (path /63CB5CD2)
    (attr smd)
    (fp_text reference C7 (at 0 1.65) (layer B.SilkS)
      (effects (font (size 1 1) (thickness 0.15)) (justify mirror))
    )
    (fp_text value 10uF (at 0 -1.65) (layer B.Fab)
      (effects (font (size 1 1) (thickness 0.15)) (justify mirror))
    )
    (fp_line (start -1 -0.6) (end -1 0.6) (layer B.Fab) (width 0.1))
    (fp_line (start -1 0.6) (end 1 0.6) (layer B.Fab) (width 0.1))
    (fp_line (start 1 0.6) (end 1 -0.6) (layer B.Fab) (width 0.1))
    (fp_line (start 1 -0.6) (end -1 -0.6) (layer B.Fab) (width 0.1))
    (fp_line (start -0.261252 0.71) (end 0.261252 0.71) (layer B.SilkS) (width 0.12))
    (fp_line (start -0.261252 -0.71) (end 0.261252 -0.71) (layer B.SilkS) (width 0.12))
    (fp_line (start -1.85 -0.95) (end -1.85 0.95) (layer B.CrtYd) (width 0.05))
    (fp_line (start -1.85 0.95) (end 1.85 0.95) (layer B.CrtYd) (width 0.05))
    (fp_line (start 1.85 0.95) (end 1.85 -0.95) (layer B.CrtYd) (width 0.05))
    (fp_line (start 1.85 -0.95) (end -1.85 -0.95) (layer B.CrtYd) (width 0.05))
    (fp_text user %R (at 0 0) (layer B.Fab)
      (effects (font (size 0.5 0.5) (thickness 0.08)) (justify mirror))
    )
    (pad 1 smd roundrect (at -1.025 0 180) (size 1.15 1.4) (layers B.Cu B.Paste B.Mask) (roundrect_rratio 0.217391)
      (net 3 +5V))
    (pad 2 smd roundrect (at 1.025 0 180) (size 1.15 1.4) (layers B.Cu B.Paste B.Mask) (roundrect_rratio 0.217391)
      (net 1 GND))
    (model ${KISYS3DMOD}/Capacitor_SMD.3dshapes/C_0805_2012Metric.wrl
      (at (xyz 0 0 0))
      (scale (xyz 1 1 1))
      (rotate (xyz 0 0 0))
    )
  )

  (module Diode_SMD:D_SOD-123 (layer B.Cu) (tedit 58645DC7) (tstamp 63CCCC98)
    (at 132.08 111.91875 90)
    (descr SOD-123)
    (tags SOD-123)
    (path /63E4BF86)
    (attr smd)
    (fp_text reference D32 (at 0 2 90) (layer B.SilkS)
      (effects (font (size 1 1) (thickness 0.15)) (justify mirror))
    )
    (fp_text value SOD-123 (at 0 -2.1 90) (layer B.Fab)
      (effects (font (size 1 1) (thickness 0.15)) (justify mirror))
    )
    (fp_line (start -2.25 1) (end 1.65 1) (layer B.SilkS) (width 0.12))
    (fp_line (start -2.25 -1) (end 1.65 -1) (layer B.SilkS) (width 0.12))
    (fp_line (start -2.35 1.15) (end -2.35 -1.15) (layer B.CrtYd) (width 0.05))
    (fp_line (start 2.35 -1.15) (end -2.35 -1.15) (layer B.CrtYd) (width 0.05))
    (fp_line (start 2.35 1.15) (end 2.35 -1.15) (layer B.CrtYd) (width 0.05))
    (fp_line (start -2.35 1.15) (end 2.35 1.15) (layer B.CrtYd) (width 0.05))
    (fp_line (start -1.4 0.9) (end 1.4 0.9) (layer B.Fab) (width 0.1))
    (fp_line (start 1.4 0.9) (end 1.4 -0.9) (layer B.Fab) (width 0.1))
    (fp_line (start 1.4 -0.9) (end -1.4 -0.9) (layer B.Fab) (width 0.1))
    (fp_line (start -1.4 -0.9) (end -1.4 0.9) (layer B.Fab) (width 0.1))
    (fp_line (start -0.75 0) (end -0.35 0) (layer B.Fab) (width 0.1))
    (fp_line (start -0.35 0) (end -0.35 0.55) (layer B.Fab) (width 0.1))
    (fp_line (start -0.35 0) (end -0.35 -0.55) (layer B.Fab) (width 0.1))
    (fp_line (start -0.35 0) (end 0.25 0.4) (layer B.Fab) (width 0.1))
    (fp_line (start 0.25 0.4) (end 0.25 -0.4) (layer B.Fab) (width 0.1))
    (fp_line (start 0.25 -0.4) (end -0.35 0) (layer B.Fab) (width 0.1))
    (fp_line (start 0.25 0) (end 0.75 0) (layer B.Fab) (width 0.1))
    (fp_line (start -2.25 1) (end -2.25 -1) (layer B.SilkS) (width 0.12))
    (fp_text user %R (at 0 2 90) (layer B.Fab)
      (effects (font (size 1 1) (thickness 0.15)) (justify mirror))
    )
    (pad 2 smd rect (at 1.65 0 90) (size 0.9 1.2) (layers B.Cu B.Paste B.Mask)
      (net 33 "Net-(D32-Pad2)"))
    (pad 1 smd rect (at -1.65 0 90) (size 0.9 1.2) (layers B.Cu B.Paste B.Mask)
      (net 70 Row3))
    (model ${KISYS3DMOD}/Diode_SMD.3dshapes/D_SOD-123.wrl
      (at (xyz 0 0 0))
      (scale (xyz 1 1 1))
      (rotate (xyz 0 0 0))
    )
  )

  (module Diode_SMD:D_SOD-123 (layer B.Cu) (tedit 58645DC7) (tstamp 63CCCC7F)
    (at 113.03 111.91875 90)
    (descr SOD-123)
    (tags SOD-123)
    (path /63E4BF75)
    (attr smd)
    (fp_text reference D31 (at 0 2 -90) (layer B.SilkS)
      (effects (font (size 1 1) (thickness 0.15)) (justify mirror))
    )
    (fp_text value SOD-123 (at 0 -2.1 -90) (layer B.Fab)
      (effects (font (size 1 1) (thickness 0.15)) (justify mirror))
    )
    (fp_line (start -2.25 1) (end 1.65 1) (layer B.SilkS) (width 0.12))
    (fp_line (start -2.25 -1) (end 1.65 -1) (layer B.SilkS) (width 0.12))
    (fp_line (start -2.35 1.15) (end -2.35 -1.15) (layer B.CrtYd) (width 0.05))
    (fp_line (start 2.35 -1.15) (end -2.35 -1.15) (layer B.CrtYd) (width 0.05))
    (fp_line (start 2.35 1.15) (end 2.35 -1.15) (layer B.CrtYd) (width 0.05))
    (fp_line (start -2.35 1.15) (end 2.35 1.15) (layer B.CrtYd) (width 0.05))
    (fp_line (start -1.4 0.9) (end 1.4 0.9) (layer B.Fab) (width 0.1))
    (fp_line (start 1.4 0.9) (end 1.4 -0.9) (layer B.Fab) (width 0.1))
    (fp_line (start 1.4 -0.9) (end -1.4 -0.9) (layer B.Fab) (width 0.1))
    (fp_line (start -1.4 -0.9) (end -1.4 0.9) (layer B.Fab) (width 0.1))
    (fp_line (start -0.75 0) (end -0.35 0) (layer B.Fab) (width 0.1))
    (fp_line (start -0.35 0) (end -0.35 0.55) (layer B.Fab) (width 0.1))
    (fp_line (start -0.35 0) (end -0.35 -0.55) (layer B.Fab) (width 0.1))
    (fp_line (start -0.35 0) (end 0.25 0.4) (layer B.Fab) (width 0.1))
    (fp_line (start 0.25 0.4) (end 0.25 -0.4) (layer B.Fab) (width 0.1))
    (fp_line (start 0.25 -0.4) (end -0.35 0) (layer B.Fab) (width 0.1))
    (fp_line (start 0.25 0) (end 0.75 0) (layer B.Fab) (width 0.1))
    (fp_line (start -2.25 1) (end -2.25 -1) (layer B.SilkS) (width 0.12))
    (fp_text user %R (at 0 2 -90) (layer B.Fab)
      (effects (font (size 1 1) (thickness 0.15)) (justify mirror))
    )
    (pad 2 smd rect (at 1.65 0 90) (size 0.9 1.2) (layers B.Cu B.Paste B.Mask)
      (net 32 "Net-(D31-Pad2)"))
    (pad 1 smd rect (at -1.65 0 90) (size 0.9 1.2) (layers B.Cu B.Paste B.Mask)
      (net 70 Row3))
    (model ${KISYS3DMOD}/Diode_SMD.3dshapes/D_SOD-123.wrl
      (at (xyz 0 0 0))
      (scale (xyz 1 1 1))
      (rotate (xyz 0 0 0))
    )
  )

  (module Diode_SMD:D_SOD-123 (layer B.Cu) (tedit 58645DC7) (tstamp 63CD1844)
    (at 126.52375 88.10625 90)
    (descr SOD-123)
    (tags SOD-123)
    (path /63E34CAC)
    (attr smd)
    (fp_text reference D22 (at 0 2 -90) (layer B.SilkS)
      (effects (font (size 1 1) (thickness 0.15)) (justify mirror))
    )
    (fp_text value SOD-123 (at 0 -2.1 -90) (layer B.Fab)
      (effects (font (size 1 1) (thickness 0.15)) (justify mirror))
    )
    (fp_line (start -2.25 1) (end 1.65 1) (layer B.SilkS) (width 0.12))
    (fp_line (start -2.25 -1) (end 1.65 -1) (layer B.SilkS) (width 0.12))
    (fp_line (start -2.35 1.15) (end -2.35 -1.15) (layer B.CrtYd) (width 0.05))
    (fp_line (start 2.35 -1.15) (end -2.35 -1.15) (layer B.CrtYd) (width 0.05))
    (fp_line (start 2.35 1.15) (end 2.35 -1.15) (layer B.CrtYd) (width 0.05))
    (fp_line (start -2.35 1.15) (end 2.35 1.15) (layer B.CrtYd) (width 0.05))
    (fp_line (start -1.4 0.9) (end 1.4 0.9) (layer B.Fab) (width 0.1))
    (fp_line (start 1.4 0.9) (end 1.4 -0.9) (layer B.Fab) (width 0.1))
    (fp_line (start 1.4 -0.9) (end -1.4 -0.9) (layer B.Fab) (width 0.1))
    (fp_line (start -1.4 -0.9) (end -1.4 0.9) (layer B.Fab) (width 0.1))
    (fp_line (start -0.75 0) (end -0.35 0) (layer B.Fab) (width 0.1))
    (fp_line (start -0.35 0) (end -0.35 0.55) (layer B.Fab) (width 0.1))
    (fp_line (start -0.35 0) (end -0.35 -0.55) (layer B.Fab) (width 0.1))
    (fp_line (start -0.35 0) (end 0.25 0.4) (layer B.Fab) (width 0.1))
    (fp_line (start 0.25 0.4) (end 0.25 -0.4) (layer B.Fab) (width 0.1))
    (fp_line (start 0.25 -0.4) (end -0.35 0) (layer B.Fab) (width 0.1))
    (fp_line (start 0.25 0) (end 0.75 0) (layer B.Fab) (width 0.1))
    (fp_line (start -2.25 1) (end -2.25 -1) (layer B.SilkS) (width 0.12))
    (fp_text user %R (at 0 2 -90) (layer B.Fab)
      (effects (font (size 1 1) (thickness 0.15)) (justify mirror))
    )
    (pad 2 smd rect (at 1.65 0 90) (size 0.9 1.2) (layers B.Cu B.Paste B.Mask)
      (net 24 "Net-(D22-Pad2)"))
    (pad 1 smd rect (at -1.65 0 90) (size 0.9 1.2) (layers B.Cu B.Paste B.Mask)
      (net 69 Row2))
    (model ${KISYS3DMOD}/Diode_SMD.3dshapes/D_SOD-123.wrl
      (at (xyz 0 0 0))
      (scale (xyz 1 1 1))
      (rotate (xyz 0 0 0))
    )
  )

  (module Diode_SMD:D_SOD-123 (layer B.Cu) (tedit 58645DC7) (tstamp 63CD188C)
    (at 107.47375 88.10625 90)
    (descr SOD-123)
    (tags SOD-123)
    (path /63E34C9B)
    (attr smd)
    (fp_text reference D21 (at 0 2 -90) (layer B.SilkS)
      (effects (font (size 1 1) (thickness 0.15)) (justify mirror))
    )
    (fp_text value SOD-123 (at 0 -2.1 -90) (layer B.Fab)
      (effects (font (size 1 1) (thickness 0.15)) (justify mirror))
    )
    (fp_line (start -2.25 1) (end 1.65 1) (layer B.SilkS) (width 0.12))
    (fp_line (start -2.25 -1) (end 1.65 -1) (layer B.SilkS) (width 0.12))
    (fp_line (start -2.35 1.15) (end -2.35 -1.15) (layer B.CrtYd) (width 0.05))
    (fp_line (start 2.35 -1.15) (end -2.35 -1.15) (layer B.CrtYd) (width 0.05))
    (fp_line (start 2.35 1.15) (end 2.35 -1.15) (layer B.CrtYd) (width 0.05))
    (fp_line (start -2.35 1.15) (end 2.35 1.15) (layer B.CrtYd) (width 0.05))
    (fp_line (start -1.4 0.9) (end 1.4 0.9) (layer B.Fab) (width 0.1))
    (fp_line (start 1.4 0.9) (end 1.4 -0.9) (layer B.Fab) (width 0.1))
    (fp_line (start 1.4 -0.9) (end -1.4 -0.9) (layer B.Fab) (width 0.1))
    (fp_line (start -1.4 -0.9) (end -1.4 0.9) (layer B.Fab) (width 0.1))
    (fp_line (start -0.75 0) (end -0.35 0) (layer B.Fab) (width 0.1))
    (fp_line (start -0.35 0) (end -0.35 0.55) (layer B.Fab) (width 0.1))
    (fp_line (start -0.35 0) (end -0.35 -0.55) (layer B.Fab) (width 0.1))
    (fp_line (start -0.35 0) (end 0.25 0.4) (layer B.Fab) (width 0.1))
    (fp_line (start 0.25 0.4) (end 0.25 -0.4) (layer B.Fab) (width 0.1))
    (fp_line (start 0.25 -0.4) (end -0.35 0) (layer B.Fab) (width 0.1))
    (fp_line (start 0.25 0) (end 0.75 0) (layer B.Fab) (width 0.1))
    (fp_line (start -2.25 1) (end -2.25 -1) (layer B.SilkS) (width 0.12))
    (fp_text user %R (at 0 2 -90) (layer B.Fab)
      (effects (font (size 1 1) (thickness 0.15)) (justify mirror))
    )
    (pad 2 smd rect (at 1.65 0 90) (size 0.9 1.2) (layers B.Cu B.Paste B.Mask)
      (net 23 "Net-(D21-Pad2)"))
    (pad 1 smd rect (at -1.65 0 90) (size 0.9 1.2) (layers B.Cu B.Paste B.Mask)
      (net 69 Row2))
    (model ${KISYS3DMOD}/Diode_SMD.3dshapes/D_SOD-123.wrl
      (at (xyz 0 0 0))
      (scale (xyz 1 1 1))
      (rotate (xyz 0 0 0))
    )
  )

  (module Crystal:Crystal_SMD_3225-4Pin_3.2x2.5mm_HandSoldering (layer B.Cu) (tedit 5A0FD1B2) (tstamp 63D00757)
    (at 81.75625 110.33125 90)
    (descr "SMD Crystal SERIES SMD3225/4 http://www.txccrystal.com/images/pdf/7m-accuracy.pdf, hand-soldering, 3.2x2.5mm^2 package")
    (tags "SMD SMT crystal hand-soldering")
    (path /63CB90F3)
    (attr smd)
    (fp_text reference Y1 (at 0 3.05 90) (layer B.SilkS)
      (effects (font (size 1 1) (thickness 0.15)) (justify mirror))
    )
    (fp_text value 16MHz (at 0 -3.05 90) (layer B.Fab)
      (effects (font (size 1 1) (thickness 0.15)) (justify mirror))
    )
    (fp_line (start 2.8 2.3) (end -2.8 2.3) (layer B.CrtYd) (width 0.05))
    (fp_line (start 2.8 -2.3) (end 2.8 2.3) (layer B.CrtYd) (width 0.05))
    (fp_line (start -2.8 -2.3) (end 2.8 -2.3) (layer B.CrtYd) (width 0.05))
    (fp_line (start -2.8 2.3) (end -2.8 -2.3) (layer B.CrtYd) (width 0.05))
    (fp_line (start -2.7 -2.25) (end 2.7 -2.25) (layer B.SilkS) (width 0.12))
    (fp_line (start -2.7 2.25) (end -2.7 -2.25) (layer B.SilkS) (width 0.12))
    (fp_line (start -1.6 -0.25) (end -0.6 -1.25) (layer B.Fab) (width 0.1))
    (fp_line (start 1.6 1.25) (end -1.6 1.25) (layer B.Fab) (width 0.1))
    (fp_line (start 1.6 -1.25) (end 1.6 1.25) (layer B.Fab) (width 0.1))
    (fp_line (start -1.6 -1.25) (end 1.6 -1.25) (layer B.Fab) (width 0.1))
    (fp_line (start -1.6 1.25) (end -1.6 -1.25) (layer B.Fab) (width 0.1))
    (fp_text user %R (at 0 0 90) (layer B.Fab)
      (effects (font (size 0.7 0.7) (thickness 0.105)) (justify mirror))
    )
    (pad 4 smd rect (at -1.45 1.15 90) (size 2.1 1.8) (layers B.Cu B.Paste B.Mask)
      (net 1 GND))
    (pad 3 smd rect (at 1.45 1.15 90) (size 2.1 1.8) (layers B.Cu B.Paste B.Mask)
      (net 66 XTAL2))
    (pad 2 smd rect (at 1.45 -1.15 90) (size 2.1 1.8) (layers B.Cu B.Paste B.Mask)
      (net 1 GND))
    (pad 1 smd rect (at -1.45 -1.15 90) (size 2.1 1.8) (layers B.Cu B.Paste B.Mask)
      (net 65 XTAL1))
    (model ${KISYS3DMOD}/Crystal.3dshapes/Crystal_SMD_3225-4Pin_3.2x2.5mm_HandSoldering.wrl
      (at (xyz 0 0 0))
      (scale (xyz 1 1 1))
      (rotate (xyz 0 0 0))
    )
  )

  (module Resistor_SMD:R_0805_2012Metric_Pad1.15x1.40mm_HandSolder (layer B.Cu) (tedit 5B36C52B) (tstamp 63CC82D0)
    (at 73.025 48.41875 180)
    (descr "Resistor SMD 0805 (2012 Metric), square (rectangular) end terminal, IPC_7351 nominal with elongated pad for handsoldering. (Body size source: https://docs.google.com/spreadsheets/d/1BsfQQcO9C6DZCsRaXUlFlo91Tg2WpOkGARC1WS5S8t0/edit?usp=sharing), generated with kicad-footprint-generator")
    (tags "resistor handsolder")
    (path /6435BA37)
    (attr smd)
    (fp_text reference R6 (at 0 1.65) (layer B.SilkS)
      (effects (font (size 1 1) (thickness 0.15)) (justify mirror))
    )
    (fp_text value 5.1k (at 0 -1.65) (layer B.Fab)
      (effects (font (size 1 1) (thickness 0.15)) (justify mirror))
    )
    (fp_text user %R (at 0 0) (layer B.Fab)
      (effects (font (size 0.5 0.5) (thickness 0.08)) (justify mirror))
    )
    (fp_line (start 1.85 -0.95) (end -1.85 -0.95) (layer B.CrtYd) (width 0.05))
    (fp_line (start 1.85 0.95) (end 1.85 -0.95) (layer B.CrtYd) (width 0.05))
    (fp_line (start -1.85 0.95) (end 1.85 0.95) (layer B.CrtYd) (width 0.05))
    (fp_line (start -1.85 -0.95) (end -1.85 0.95) (layer B.CrtYd) (width 0.05))
    (fp_line (start -0.261252 -0.71) (end 0.261252 -0.71) (layer B.SilkS) (width 0.12))
    (fp_line (start -0.261252 0.71) (end 0.261252 0.71) (layer B.SilkS) (width 0.12))
    (fp_line (start 1 -0.6) (end -1 -0.6) (layer B.Fab) (width 0.1))
    (fp_line (start 1 0.6) (end 1 -0.6) (layer B.Fab) (width 0.1))
    (fp_line (start -1 0.6) (end 1 0.6) (layer B.Fab) (width 0.1))
    (fp_line (start -1 -0.6) (end -1 0.6) (layer B.Fab) (width 0.1))
    (pad 2 smd roundrect (at 1.025 0 180) (size 1.15 1.4) (layers B.Cu B.Paste B.Mask) (roundrect_rratio 0.217391)
      (net 1 GND))
    (pad 1 smd roundrect (at -1.025 0 180) (size 1.15 1.4) (layers B.Cu B.Paste B.Mask) (roundrect_rratio 0.217391)
      (net 62 "Net-(R6-Pad1)"))
    (model ${KISYS3DMOD}/Resistor_SMD.3dshapes/R_0805_2012Metric.wrl
      (at (xyz 0 0 0))
      (scale (xyz 1 1 1))
      (rotate (xyz 0 0 0))
    )
  )

  (module Resistor_SMD:R_0805_2012Metric_Pad1.15x1.40mm_HandSolder (layer B.Cu) (tedit 5B36C52B) (tstamp 63CCB7CD)
    (at 83.34375 48.41875)
    (descr "Resistor SMD 0805 (2012 Metric), square (rectangular) end terminal, IPC_7351 nominal with elongated pad for handsoldering. (Body size source: https://docs.google.com/spreadsheets/d/1BsfQQcO9C6DZCsRaXUlFlo91Tg2WpOkGARC1WS5S8t0/edit?usp=sharing), generated with kicad-footprint-generator")
    (tags "resistor handsolder")
    (path /6435AA17)
    (attr smd)
    (fp_text reference R5 (at 0 1.65) (layer B.SilkS)
      (effects (font (size 1 1) (thickness 0.15)) (justify mirror))
    )
    (fp_text value 5.1k (at 0 -1.65) (layer B.Fab)
      (effects (font (size 1 1) (thickness 0.15)) (justify mirror))
    )
    (fp_text user %R (at 0 0) (layer B.Fab)
      (effects (font (size 0.5 0.5) (thickness 0.08)) (justify mirror))
    )
    (fp_line (start 1.85 -0.95) (end -1.85 -0.95) (layer B.CrtYd) (width 0.05))
    (fp_line (start 1.85 0.95) (end 1.85 -0.95) (layer B.CrtYd) (width 0.05))
    (fp_line (start -1.85 0.95) (end 1.85 0.95) (layer B.CrtYd) (width 0.05))
    (fp_line (start -1.85 -0.95) (end -1.85 0.95) (layer B.CrtYd) (width 0.05))
    (fp_line (start -0.261252 -0.71) (end 0.261252 -0.71) (layer B.SilkS) (width 0.12))
    (fp_line (start -0.261252 0.71) (end 0.261252 0.71) (layer B.SilkS) (width 0.12))
    (fp_line (start 1 -0.6) (end -1 -0.6) (layer B.Fab) (width 0.1))
    (fp_line (start 1 0.6) (end 1 -0.6) (layer B.Fab) (width 0.1))
    (fp_line (start -1 0.6) (end 1 0.6) (layer B.Fab) (width 0.1))
    (fp_line (start -1 -0.6) (end -1 0.6) (layer B.Fab) (width 0.1))
    (pad 2 smd roundrect (at 1.025 0) (size 1.15 1.4) (layers B.Cu B.Paste B.Mask) (roundrect_rratio 0.217391)
      (net 1 GND))
    (pad 1 smd roundrect (at -1.025 0) (size 1.15 1.4) (layers B.Cu B.Paste B.Mask) (roundrect_rratio 0.217391)
      (net 61 "Net-(R5-Pad1)"))
    (model ${KISYS3DMOD}/Resistor_SMD.3dshapes/R_0805_2012Metric.wrl
      (at (xyz 0 0 0))
      (scale (xyz 1 1 1))
      (rotate (xyz 0 0 0))
    )
  )

  (module Resistor_SMD:R_0805_2012Metric_Pad1.15x1.40mm_HandSolder (layer B.Cu) (tedit 5B36C52B) (tstamp 63D007BD)
    (at 62.70625 115.8875)
    (descr "Resistor SMD 0805 (2012 Metric), square (rectangular) end terminal, IPC_7351 nominal with elongated pad for handsoldering. (Body size source: https://docs.google.com/spreadsheets/d/1BsfQQcO9C6DZCsRaXUlFlo91Tg2WpOkGARC1WS5S8t0/edit?usp=sharing), generated with kicad-footprint-generator")
    (tags "resistor handsolder")
    (path /63CB08C2)
    (attr smd)
    (fp_text reference R4 (at 0 1.65) (layer B.SilkS)
      (effects (font (size 1 1) (thickness 0.15)) (justify mirror))
    )
    (fp_text value 10k (at 0 -1.65) (layer B.Fab)
      (effects (font (size 1 1) (thickness 0.15)) (justify mirror))
    )
    (fp_line (start -1 -0.6) (end -1 0.6) (layer B.Fab) (width 0.1))
    (fp_line (start -1 0.6) (end 1 0.6) (layer B.Fab) (width 0.1))
    (fp_line (start 1 0.6) (end 1 -0.6) (layer B.Fab) (width 0.1))
    (fp_line (start 1 -0.6) (end -1 -0.6) (layer B.Fab) (width 0.1))
    (fp_line (start -0.261252 0.71) (end 0.261252 0.71) (layer B.SilkS) (width 0.12))
    (fp_line (start -0.261252 -0.71) (end 0.261252 -0.71) (layer B.SilkS) (width 0.12))
    (fp_line (start -1.85 -0.95) (end -1.85 0.95) (layer B.CrtYd) (width 0.05))
    (fp_line (start -1.85 0.95) (end 1.85 0.95) (layer B.CrtYd) (width 0.05))
    (fp_line (start 1.85 0.95) (end 1.85 -0.95) (layer B.CrtYd) (width 0.05))
    (fp_line (start 1.85 -0.95) (end -1.85 -0.95) (layer B.CrtYd) (width 0.05))
    (fp_text user %R (at 0 0) (layer B.Fab)
      (effects (font (size 0.5 0.5) (thickness 0.08)) (justify mirror))
    )
    (pad 1 smd roundrect (at -1.025 0) (size 1.15 1.4) (layers B.Cu B.Paste B.Mask) (roundrect_rratio 0.217391)
      (net 1 GND))
    (pad 2 smd roundrect (at 1.025 0) (size 1.15 1.4) (layers B.Cu B.Paste B.Mask) (roundrect_rratio 0.217391)
      (net 44 "Net-(R4-Pad2)"))
    (model ${KISYS3DMOD}/Resistor_SMD.3dshapes/R_0805_2012Metric.wrl
      (at (xyz 0 0 0))
      (scale (xyz 1 1 1))
      (rotate (xyz 0 0 0))
    )
  )

  (module Resistor_SMD:R_0805_2012Metric_Pad1.15x1.40mm_HandSolder (layer B.Cu) (tedit 5B36C52B) (tstamp 63CD47CA)
    (at 79.375 60.09375 270)
    (descr "Resistor SMD 0805 (2012 Metric), square (rectangular) end terminal, IPC_7351 nominal with elongated pad for handsoldering. (Body size source: https://docs.google.com/spreadsheets/d/1BsfQQcO9C6DZCsRaXUlFlo91Tg2WpOkGARC1WS5S8t0/edit?usp=sharing), generated with kicad-footprint-generator")
    (tags "resistor handsolder")
    (path /641E188B)
    (attr smd)
    (fp_text reference R3 (at 0 1.65 90) (layer B.SilkS)
      (effects (font (size 1 1) (thickness 0.15)) (justify mirror))
    )
    (fp_text value 22 (at 0 -1.65 90) (layer B.Fab)
      (effects (font (size 1 1) (thickness 0.15)) (justify mirror))
    )
    (fp_line (start -1 -0.6) (end -1 0.6) (layer B.Fab) (width 0.1))
    (fp_line (start -1 0.6) (end 1 0.6) (layer B.Fab) (width 0.1))
    (fp_line (start 1 0.6) (end 1 -0.6) (layer B.Fab) (width 0.1))
    (fp_line (start 1 -0.6) (end -1 -0.6) (layer B.Fab) (width 0.1))
    (fp_line (start -0.261252 0.71) (end 0.261252 0.71) (layer B.SilkS) (width 0.12))
    (fp_line (start -0.261252 -0.71) (end 0.261252 -0.71) (layer B.SilkS) (width 0.12))
    (fp_line (start -1.85 -0.95) (end -1.85 0.95) (layer B.CrtYd) (width 0.05))
    (fp_line (start -1.85 0.95) (end 1.85 0.95) (layer B.CrtYd) (width 0.05))
    (fp_line (start 1.85 0.95) (end 1.85 -0.95) (layer B.CrtYd) (width 0.05))
    (fp_line (start 1.85 -0.95) (end -1.85 -0.95) (layer B.CrtYd) (width 0.05))
    (fp_text user %R (at 0 0) (layer B.Fab)
      (effects (font (size 0.5 0.5) (thickness 0.08)) (justify mirror))
    )
    (pad 1 smd roundrect (at -1.025 0 270) (size 1.15 1.4) (layers B.Cu B.Paste B.Mask) (roundrect_rratio 0.217391)
      (net 60 DP))
    (pad 2 smd roundrect (at 1.025 0 270) (size 1.15 1.4) (layers B.Cu B.Paste B.Mask) (roundrect_rratio 0.217391)
      (net 42 D+))
    (model ${KISYS3DMOD}/Resistor_SMD.3dshapes/R_0805_2012Metric.wrl
      (at (xyz 0 0 0))
      (scale (xyz 1 1 1))
      (rotate (xyz 0 0 0))
    )
  )

  (module Resistor_SMD:R_0805_2012Metric_Pad1.15x1.40mm_HandSolder (layer B.Cu) (tedit 5B36C52B) (tstamp 63CD479A)
    (at 76.99375 60.09375 270)
    (descr "Resistor SMD 0805 (2012 Metric), square (rectangular) end terminal, IPC_7351 nominal with elongated pad for handsoldering. (Body size source: https://docs.google.com/spreadsheets/d/1BsfQQcO9C6DZCsRaXUlFlo91Tg2WpOkGARC1WS5S8t0/edit?usp=sharing), generated with kicad-footprint-generator")
    (tags "resistor handsolder")
    (path /641E1891)
    (attr smd)
    (fp_text reference R2 (at 0 1.65 90) (layer B.SilkS)
      (effects (font (size 1 1) (thickness 0.15)) (justify mirror))
    )
    (fp_text value 22 (at 0 -1.65 90) (layer B.Fab)
      (effects (font (size 1 1) (thickness 0.15)) (justify mirror))
    )
    (fp_line (start -1 -0.6) (end -1 0.6) (layer B.Fab) (width 0.1))
    (fp_line (start -1 0.6) (end 1 0.6) (layer B.Fab) (width 0.1))
    (fp_line (start 1 0.6) (end 1 -0.6) (layer B.Fab) (width 0.1))
    (fp_line (start 1 -0.6) (end -1 -0.6) (layer B.Fab) (width 0.1))
    (fp_line (start -0.261252 0.71) (end 0.261252 0.71) (layer B.SilkS) (width 0.12))
    (fp_line (start -0.261252 -0.71) (end 0.261252 -0.71) (layer B.SilkS) (width 0.12))
    (fp_line (start -1.85 -0.95) (end -1.85 0.95) (layer B.CrtYd) (width 0.05))
    (fp_line (start -1.85 0.95) (end 1.85 0.95) (layer B.CrtYd) (width 0.05))
    (fp_line (start 1.85 0.95) (end 1.85 -0.95) (layer B.CrtYd) (width 0.05))
    (fp_line (start 1.85 -0.95) (end -1.85 -0.95) (layer B.CrtYd) (width 0.05))
    (fp_text user %R (at 0 0 90) (layer B.Fab)
      (effects (font (size 0.5 0.5) (thickness 0.08)) (justify mirror))
    )
    (pad 1 smd roundrect (at -1.025 0 270) (size 1.15 1.4) (layers B.Cu B.Paste B.Mask) (roundrect_rratio 0.217391)
      (net 59 DN))
    (pad 2 smd roundrect (at 1.025 0 270) (size 1.15 1.4) (layers B.Cu B.Paste B.Mask) (roundrect_rratio 0.217391)
      (net 43 D-))
    (model ${KISYS3DMOD}/Resistor_SMD.3dshapes/R_0805_2012Metric.wrl
      (at (xyz 0 0 0))
      (scale (xyz 1 1 1))
      (rotate (xyz 0 0 0))
    )
  )

  (module Resistor_SMD:R_0805_2012Metric_Pad1.15x1.40mm_HandSolder (layer B.Cu) (tedit 5B36C52B) (tstamp 63CD56FC)
    (at 76.99375 79.375 270)
    (descr "Resistor SMD 0805 (2012 Metric), square (rectangular) end terminal, IPC_7351 nominal with elongated pad for handsoldering. (Body size source: https://docs.google.com/spreadsheets/d/1BsfQQcO9C6DZCsRaXUlFlo91Tg2WpOkGARC1WS5S8t0/edit?usp=sharing), generated with kicad-footprint-generator")
    (tags "resistor handsolder")
    (path /63CC368A)
    (attr smd)
    (fp_text reference R1 (at 0 1.65 90) (layer B.SilkS)
      (effects (font (size 1 1) (thickness 0.15)) (justify mirror))
    )
    (fp_text value 10k (at 0 -1.65 90) (layer B.Fab)
      (effects (font (size 1 1) (thickness 0.15)) (justify mirror))
    )
    (fp_text user %R (at 0 0 90) (layer B.Fab)
      (effects (font (size 0.5 0.5) (thickness 0.08)) (justify mirror))
    )
    (fp_line (start 1.85 -0.95) (end -1.85 -0.95) (layer B.CrtYd) (width 0.05))
    (fp_line (start 1.85 0.95) (end 1.85 -0.95) (layer B.CrtYd) (width 0.05))
    (fp_line (start -1.85 0.95) (end 1.85 0.95) (layer B.CrtYd) (width 0.05))
    (fp_line (start -1.85 -0.95) (end -1.85 0.95) (layer B.CrtYd) (width 0.05))
    (fp_line (start -0.261252 -0.71) (end 0.261252 -0.71) (layer B.SilkS) (width 0.12))
    (fp_line (start -0.261252 0.71) (end 0.261252 0.71) (layer B.SilkS) (width 0.12))
    (fp_line (start 1 -0.6) (end -1 -0.6) (layer B.Fab) (width 0.1))
    (fp_line (start 1 0.6) (end 1 -0.6) (layer B.Fab) (width 0.1))
    (fp_line (start -1 0.6) (end 1 0.6) (layer B.Fab) (width 0.1))
    (fp_line (start -1 -0.6) (end -1 0.6) (layer B.Fab) (width 0.1))
    (pad 2 smd roundrect (at 1.025 0 270) (size 1.15 1.4) (layers B.Cu B.Paste B.Mask) (roundrect_rratio 0.217391)
      (net 55 RESET))
    (pad 1 smd roundrect (at -1.025 0 270) (size 1.15 1.4) (layers B.Cu B.Paste B.Mask) (roundrect_rratio 0.217391)
      (net 3 +5V))
    (model ${KISYS3DMOD}/Resistor_SMD.3dshapes/R_0805_2012Metric.wrl
      (at (xyz 0 0 0))
      (scale (xyz 1 1 1))
      (rotate (xyz 0 0 0))
    )
  )

  (module Fuse:Fuse_1206_3216Metric_Pad1.42x1.75mm_HandSolder (layer B.Cu) (tedit 5B301BBE) (tstamp 63CFEEAC)
    (at 54.76875 57.94375 270)
    (descr "Fuse SMD 1206 (3216 Metric), square (rectangular) end terminal, IPC_7351 nominal with elongated pad for handsoldering. (Body size source: http://www.tortai-tech.com/upload/download/2011102023233369053.pdf), generated with kicad-footprint-generator")
    (tags "resistor handsolder")
    (path /6403282C)
    (attr smd)
    (fp_text reference F1 (at 0 1.82 90) (layer B.SilkS)
      (effects (font (size 1 1) (thickness 0.15)) (justify mirror))
    )
    (fp_text value 500mA (at 0 -1.82 90) (layer B.Fab)
      (effects (font (size 1 1) (thickness 0.15)) (justify mirror))
    )
    (fp_line (start -1.6 -0.8) (end -1.6 0.8) (layer B.Fab) (width 0.1))
    (fp_line (start -1.6 0.8) (end 1.6 0.8) (layer B.Fab) (width 0.1))
    (fp_line (start 1.6 0.8) (end 1.6 -0.8) (layer B.Fab) (width 0.1))
    (fp_line (start 1.6 -0.8) (end -1.6 -0.8) (layer B.Fab) (width 0.1))
    (fp_line (start -0.602064 0.91) (end 0.602064 0.91) (layer B.SilkS) (width 0.12))
    (fp_line (start -0.602064 -0.91) (end 0.602064 -0.91) (layer B.SilkS) (width 0.12))
    (fp_line (start -2.45 -1.12) (end -2.45 1.12) (layer B.CrtYd) (width 0.05))
    (fp_line (start -2.45 1.12) (end 2.45 1.12) (layer B.CrtYd) (width 0.05))
    (fp_line (start 2.45 1.12) (end 2.45 -1.12) (layer B.CrtYd) (width 0.05))
    (fp_line (start 2.45 -1.12) (end -2.45 -1.12) (layer B.CrtYd) (width 0.05))
    (fp_text user %R (at 0 0 90) (layer B.Fab)
      (effects (font (size 0.8 0.8) (thickness 0.12)) (justify mirror))
    )
    (pad 1 smd roundrect (at -1.4875 0 270) (size 1.425 1.75) (layers B.Cu B.Paste B.Mask) (roundrect_rratio 0.175439)
      (net 41 VCC))
    (pad 2 smd roundrect (at 1.4875 0 270) (size 1.425 1.75) (layers B.Cu B.Paste B.Mask) (roundrect_rratio 0.175439)
      (net 3 +5V))
    (model ${KISYS3DMOD}/Fuse.3dshapes/Fuse_1206_3216Metric.wrl
      (at (xyz 0 0 0))
      (scale (xyz 1 1 1))
      (rotate (xyz 0 0 0))
    )
  )

  (module Capacitor_SMD:C_0805_2012Metric_Pad1.15x1.40mm_HandSolder (layer B.Cu) (tedit 5B36C52B) (tstamp 63D00724)
    (at 59.53125 111.91875 90)
    (descr "Capacitor SMD 0805 (2012 Metric), square (rectangular) end terminal, IPC_7351 nominal with elongated pad for handsoldering. (Body size source: https://docs.google.com/spreadsheets/d/1BsfQQcO9C6DZCsRaXUlFlo91Tg2WpOkGARC1WS5S8t0/edit?usp=sharing), generated with kicad-footprint-generator")
    (tags "capacitor handsolder")
    (path /63CB598A)
    (attr smd)
    (fp_text reference C6 (at 0 1.65 90) (layer B.SilkS)
      (effects (font (size 1 1) (thickness 0.15)) (justify mirror))
    )
    (fp_text value 0.1uF (at 0 -1.65 90) (layer B.Fab)
      (effects (font (size 1 1) (thickness 0.15)) (justify mirror))
    )
    (fp_text user %R (at 0 0 90) (layer B.Fab)
      (effects (font (size 0.5 0.5) (thickness 0.08)) (justify mirror))
    )
